000060500040700080007298300203970640900010005084026709008642100060009070001080000
200500700563079012000000009000100027109708504340002000600000000930240186001005003
028400300900503000100970000504030001879060432300040705000091006000607008005004170
405000070230900801100007405003400050518000794040009300802100006304006087050000903
309000008070980020040100930081000003703000401200000670067001090030045060500000807
000400980500800320067000000074038209028905760906710430000000570015007004092004000
000073050700500209304062708009080005025000870400050600803720501206005007090810000
798300010100000000500004802815030970000569000064070235601900003000000001080001469
860000000704080000501007824008042790002705400017830200943500102000010905000000047
305008100900100005070900800500072060037691540060850003002006050700009006006500407
872006040010700308300804702006070000090102030000040200701503009609001070080400621
000030050120564930000800126000027500010000080002190000745003000081752049030010000
400700180109000200800640030536820907000000000907016524090067001004000608015009002
000000140081050702006019083025081000090605020000230950950160400408070360037000000
000600207610520009490700500064050003050108020300090750005002076200071035903005000
093000500005039074800005130000070402014050980907020000028700005350860700001000260
190000000405006710008701000850000903970832061301000024000209600046500209000000035
000320709040000083900874000094007560500409008036500490000685004470000020609042000
536200400000600290029030016000800349400000007693004000910080730064002000007001862
010605090007000005540090060706800200384106957005009603030080076400000500050904030
200054081070080600859000007000678020300509006060243000600000792003020060120890005
000472500030005700000000042106507409309604107807109305670000000008700050004216000
000000400091007006380040120700014083102000705860370002015080064600100370003000000
470020800016008032090403107001000006980000013600000900308704020760500390009080074
100002043007140000000500207095006080438000965060800730503004000000051400970600001
341200090920300000700016300035600100800000002007002940003760009000009016080001735
000401850021000076000000420087013000160802039000750210052000000710000380096208000
