000300180000810009000006050850900040200000006040003017090100000400037000035004000
000046008010000900630900001000067009090000040200830000900008073002000080800570000
010700820002908030060000000300007002000204000500300004000000050080405700051002090
040082000007900000000700409800040007060807050100090004206009000000008100000620030
040080170100005020600001004010000000005704200000000060400200007020500003073010050
000001650000840000030000940008900001100080003700004800054000020000036000019500000
001009002005300000207180000600000090023000670090000004000054308000001900400600100
000000674020000000463005000080364100000000000004281090000700538000000010812000000
009000700000000002042780103000300008000921000300005000201048670800000000006000500
000010080530200001600000400080401000007000600000502010003000008200007063070050000
020000080005100002000072300300000160007030400051000003009250000500009800080000040
403600000018090000090005020041000030200000009030000780080100070000060340000003901
002085000000030081071000000000000098008204100960000000000000950140060000000350400
500100702097000400000005000370020000600908001000070023000800000008000960706009004
080004001090000002003200500050003200006102800001400060008001400100000080700600030
830000070040081000000003006500000031067000480420000005900500000000610020010000058
378400000540000690000080000800007100030000040006200003000020000067000089000009462
009200060000096003600005400080030009090000020500070080005600001700310000020008700
050009800200006070009000030000510200700090005004078000070000100080900003003800040
000007901020100003050460000000600530008000200095004000000036040500001070701800000
006203090200400730080007000600000050100000003040000006000300070021005008050908200
000090200908000700000107030040070002050801060300020050070209000003000405001050000
004005230200930008000100000400000815000000000753000009000006000300079002068200500
007800090040600000028005000092000600070106030003000280000200760000003050010004300
200000300008070601030900020000031000510000064000450000070005090304080200001000005
000059000062000000005000918009040072000090000780030100396000500000000420000860000
000900004000000180000004670030010405200030001706050020029500000081000000400006000
001000700309024160400000000500007000000839000000500004000000003023640905008000600
300000006400600300000001420070018000010060070000590030085100000006005009200000004
000005000005000130730009002003050419000000000179040300300400095021000700000600000
000500002607000900039060400300405100000000000001907006004050830005000701800004000
020006004603000027010005000700502000300000005000904003000700010130000609900600040
004800600003070008000060045000000137009000800137000000780010000400050300006004900
000000320800905000020080510400007000590000067000200001067010050000608002048000000
000700304009063000000800610010400002004000800700008090083005000000930200506007000
000000038000400100000005026020050704008090200105080090470100000001006000830000000
000060250006300109400010000040002900001000400007600030000070008604008300013020000
700003010009047000480000000030050009090000080200010040000000032000590400050200007
000810700058000020460000000020570800000406000006091040000000012070000650005028000
005017900600850014000000000000000801030070090201000000000000000570061003008590400
000600050050000602000024380003006000800010009000800200016950000507000010080002000
000007018008900006006000900020073000070090020000540060001000800900005400530700000
008020040000010306004870000000600004019000650700002000000095400305060000020030100
000300100060100030000020079004009003980000056700500400670080000020004060008007000
000000006690007200508100000009702010000605000080901700000006309004800027300000000
000005630000003190400002800008000003790000026600000400006700008072400000054300000
000800004803090000050200870097000000400106009000000260048009050000010703300007000
000380000008900006050070108040000090009030800010000040703020080200003700000056000
039010002007400000080006000200001480300000009074800003000200060000005100500080390
062000000000820001510000070040630005000504000800071020020000018700068000000000450
081030009005109000007800000000000408200050006604000000000002600000401300500060180
206430100500000060000000003701600000003020500000003907400000000070000005002065701
000091003000500080290000007001006040005070600020100500400000075060005000800420000
000000052000190003000004860560020000040506020000010095031200000400079000980000000
000006080002000060040370900000020034400090005650030000004089050070000800080700000
000000040000600500950200801070051000008000100000970030302007016004009000060000000
130000040000050906002009003050007800000000000008300070600100400307040000040000062
000090300860005700107000000090560000200030004000028030000000503008200071006070000
200300000007000032603050000000800007020931040900007000000090608810000200000004001
001003000480000900509680000000100003010090060200005000000037102008000035000500800
140030090060000000005009300000207403800000007704508000006400200000000010080020079
020001000009800076060430000000100008003080400600002000000018020530009800000200040
000090700000200000769000800000100350300709008096004000005000432000008000004010000
071084000000600020020010000900500072005000900710002003000020060040008000000350290
001500300240300005000020006000003070092000680030600000400090000600008094009007800
940000006007053000000400003009010800080904030001020400800007000000630900200000017
000200007070041000641000000003007009000534000500100800000000583000360070100005000
000001000200040030008620750690000008300000005700000091016038400040090003000100000
504090010200800000700004000005070000018000940000030200000200003000007001060010405
108000000670900000003042000000080106800601009401020000000450900000008023000000407
007003580090006300000570000060004000350000027000100060000089000004300050029400100
000020083000003040043000006060001000009735400000600050400000710070900000810050000
300800050060705000705000000006200400041000370008003200000000509000608030020001006
000870500680050000900000006000034805070000040403280000300000001000020094006091000
040000270050070001706010000900408020000000000020903004000040702500090060071000080
104900000000020000006084001081000009900060007300000620200750400000040000000009208
206400000000050007050006090005300060040000010090001200060100070300090000000003504
000090005000007040003800201000000610024060930078000000702003400040600000500040000
000009643000670502000000001082000009000908000100000320400000000301065000526400000
100850030000000900080916000020000008507000406800000070000728040003000000090043005
060000001000805007004010000690080100008409700007060089000020300900604000400000050
900037000060800100008000003051000009040605030700000810600000200004003050000790001
002030400980000006010049700000300000400607002000004000001950080200000041009010600
800000400206000039000205000008450302000000000409026500000603000710000803002000007
300000000004076030006001002508300000270000098000007105100500900030190400000000006
570400000030170409000000500000000103000867000205000000009000000307086090000001078
000800009604000500000062700020001003080050010400200080009340000003000805100008000
075109000300070001000000900001300045000090000460002700002000000600080004000401570
000003904004020000960005000020100009070030040800007060000400017000050800705300000
070300500000710006000000390003080060010000020090070100026000000100065000005009080
070060050230000000005000304000340001807000903100059000701000600000000027060030010
700000500060800000000006930158700000030000050000008291046500000000004080007000009
000020030008509104000001025006000050200000007070000300950300000302405900040080000
004025900000000000012600050001780040080000030070036200020004760000000000008960100
000003800050070401090100000281000060000050000030000798000006040703090010006200000
000500460090026000000700021100400800040000070005007009760003000000960080023005000
010090000006004007500600140000060080003080400020070000032006001400200900000050060
400003800200080050080010700109000000003109500000000209002030070070050003006400005
000000084080050370000100600900080200000935000001040005002003000093070010540000000
040620090000008007009000003060002005007000400300500020800000500600700000070034060
