000800100980000040021006000000060712050000030163020000000100350010000068009007000
000000400018093000040200108820600000030040080000008062309007040000810570005000000
000008005039026700010000060050400000406000102000005090040000030005980670300200000
680002710020008000050400008200000009031000670900000004400003020000100080013200065
004006007650700000007200051003600000029000360000009400280004100000007023300500900
090003407400002000230080050005000610800000005079000800050020084000800001104600030
002830470080000010900600000000005090301000805040900000000003007070000050028064900
913000050052004060000001003000000607040020010709000000100200000060700520090000478
300000096000000703090000500106820000070635010000041809009000070503000000680000004
100090280085300000000504000906002000800000003000800609000407000000003740042060001
000002006100080020279000080000453800010000070003176000050000169040020008300800000
410007008000000006007056300268000000005601200000000964002190800300000000700500019
600500080000010200090034000004008320500060008018300700000120070003080000050007002
720000460094001080008000003000508000200000004000403000500000700070600810046000059
000000010850030007000712400965003000000090000000400769006128000400060093020000000
000000002240050900003046005000564307000000000708193000800620500007080069500000000
600800015039006000570002006090070100000000000003040070900700053000100260840003001
000001492400000000000460710980006000570000029000500081056027000000000005824600000
000510274800003000100006300608000000070000020000000507001400002000600003365081000
000020600600104000750003040090000208100080004507000010060300059000908002009050000
003000205000034800000020001005010047000807000720060300600080000008950000309000700
000002030000000902008009405600840001900050006700016003306500800201000000090600000
030000900005860000060904050052009000100508003000300570090107040000086100007000080
000061020010000000603005901100080060056000170090020004507800602000000010060750000
000000870040800026029070000070008005001040700400500010000020680210009030053000000
074520180100400050002900000200800010000000000040002008000008600090007004017064530
000040090000708030000009720004920801200000003309067200053800000060405000020070000
020600950000930006000002001008004003005706100400100800100500000300028000086009040
700000100000100039000025040000810050860040027050073000010790000920006000008000005
600040005800002004040180200360000000080903040000000028002064090900700002400020001
302005001006000000000060007700014000480706019000920004500080000000000700800500302
000000002000924160007000930000700809000583000602009000025000700068391000100000000
102009000674030008000040000085001006000020000200500180000070000700010234000200609
100000560009051800000609001400005000023000740000400006600902000008510300092000007
000810002510200000040090508000000609090020070605000000302060050000002067700043000
021900300700080000000600005500009000902501406000400002100006000000070001009004830
000092001007010000028500000084001003016000750700900610000004530000050900200630000
000000060400000207000635901000300092000517000130004000609823000305000004020000000
200003000010007400560014009007000050000305000040000200400560032008100040000400008
493000700107002600000003040000000056002010300950000000030100000006500107009000582
005000903000070200301048500000094000050601080000280000009820301003010000608000700
000005800000070069002800003560002140000000000047500082700004200250080000003600000
000020000000004005405910860506001307000000000803400206082079501700600000000040000
074005000803000500000200060000090375007000400925030000050008000001000806000300950
050002600002050008000060090007005003008436700300200100030010000200070400009800070
008900003170500090000060000052013070001000200080690130000080000030009026500004900
000630020200710506300005000400008900600000001005400002000200005508046009040051000
023090000000800350100000007005001700030675080002300600700000002089004000000060130
030060750708200040000500800910000005005000300300000082007006000090004107046050030
000201705810900000003000090060005100700000004005600080070000900000007026402306000
