710090305000005028000003900000860700200040009003059000007400000390500000802010034
100700050004010300908245070009300000700000005000002600090526408001030200040007009
000700061500030007012064030600000000089000270000000006090820710800010004360007000
030980006710230000009006000000000542070000080628000000000300800000059067400021050
060005970000020801203000000002007503049000760307600200000000109401030000098100040
704009000000040007810270400601090030000806000020010905006052014100080000000900602
500387002080090601000000070490000100170030059003000064040000000608010020300976005
030000748080007920600090300040109000006080500000706010008060003091800060463000070
005892000002000600087000050104080000250000031000040209070000840009000100000731900
460008009000000678010003000000690784090080020786021000000200060678000000900800041
700080400034002800250904107000040305000000000903010000402301078006400920007020004
000008050080704020320950800000000738850000046437000000008049073070302060040500000
090012800001400090000009203702000060800000007040000501103200000060001400004570080
000275004009080000506100020250000080068050170010000056040001708000030600700964000
900000000001008650680230009008027463000000000734910800200051046056300100000000007
907000100005900076360010000000080030600734005020050000000040012170002300006000904
080400000709030580104807000007020000496000217000070800000906402071040308000003050
003750061607004000090000000074600002508902103300005690000000010000200906810093400
207000081010804020000000903100050040005642100020070006801000000040106090630000702
002000003715030000093002570070601000300070009000309060036100240000080695500000700
600001003024006500000070068036700000040030080000008130190020000008300710200100006
541900020000740000006050100600000001200609003400000007005030900000072000080004672
700010002900700100306009040530060020000305000080040095090200604003006009100090003
003091004048000050700005009180002000004010200000700085200800006050000710800170500
070020900034000051095006007063008000900000002000700160300600480480000370007080010
200750000100204006000000247050080300030060090008090070541000000600801003000079001
003000050479536000000100400000005042542000178910200000004002000000983724080000300
010230650060000004300046090003001000850060032000300900070410008500000010031052070
080000000204070500000000280790006010850704026010500037075000000009030602000000040
000800000050390760000000130073009210060040070025100480041000000092063050000002000
730020500002460100906005000095080000000916000000050820000300407001048900009070085
050100020000203504000090100003420018007308400480051300001030000902607000030002070
000007016001060004062501080000006847400000005275300000040702350500030600130600000
500020004040000010062700503004009857000000000215800400701003940020000060300090005
800002096002405810000008070005010080007000600020050900050900000048506100630700005
200005000340001080000000129000450291500010008139082000912000000080100032000700004
040671000500020430000003200610902000004030500000508014007300000028010005000296080
006000008200010560035600000450070030861000745070050026000009670089040003500000900
350000008120030060906800007009005000002106900000900600400008206070090034600000091
105200470020300000870000000002090007081742930600050100000000085000005060054007309
200000050000005430035080009004070301371000582509030700400010260057600000060000003
010002400002600087009041005900006000060020010000500009100450300350007900006200070
200000013005314090700950000000091000900000008000620000000069007050478200170000006
800079130700002000096100000000020070021040690070030000000006320000200001057310008
026004100100560000400002780600000003083107640700000008064200007000095001009700250
053620070000008001240050003010000000800297004000000080500030062900500000060072910
004080000061940002007000003000006095090405030350800000100000400200054360000070800
007400600301020000040030100804000326000304000973000405009010040000040901006003700
090007000300009486600020017407030000000000000000050209240090008915800003000300090
064000001050004780900000020700461300000080000008932004080000007091700060200000930
